Iteration 1969: best_g=158
Local schedule: [29, 3, 2, 22, 9, 8, 21, 19, 18, 7, 6, 13, 20, 5, 17, 16, 15, 28, 27, 12, 26, 25, 24, 23, 11, 4, 1, 14, 10, 0, 30]
Tabu list: [(12, 27), (11, 26), (11, 25), (11, 24), (11, 23)]
Candidats length:  12
Candidate 1: [29, 3, 2, 22, 9, 8, 21, 19, 18, 7, 6, 13, 20, 5, 17, 16, 15, 28, 27, 12, 26, 25, 24, 23, 11, 4, 14, 1, 10, 0, 30] with g: 163
Candidate 2: [29, 3, 22, 2, 9, 8, 21, 19, 18, 7, 6, 13, 20, 5, 17, 16, 15, 28, 27, 12, 26, 25, 24, 23, 11, 4, 1, 14, 10, 0, 30] with g: 160
Candidate 3: [29, 3, 2, 9, 22, 8, 21, 19, 18, 7, 6, 13, 20, 5, 17, 16, 15, 28, 27, 12, 26, 25, 24, 23, 11, 4, 1, 14, 10, 0, 30] with g: 158
Chosen candidate: 3
Best g: 158
-------------------------------------------------------------------
Iteration 1970: best_g=158
Local schedule: [29, 3, 2, 9, 22, 8, 21, 19, 18, 7, 6, 13, 20, 5, 17, 16, 15, 28, 27, 12, 26, 25, 24, 23, 11, 4, 1, 14, 10, 0, 30]
Tabu list: [(11, 26), (11, 25), (11, 24), (11, 23), (22, 9)]
Candidats length:  13
Candidate 1: [29, 3, 2, 9, 8, 22, 21, 19, 18, 7, 6, 13, 20, 5, 17, 16, 15, 28, 27, 12, 26, 25, 24, 23, 11, 4, 1, 14, 10, 0, 30] with g: 158
Chosen candidate: 1
Best g: 158
-------------------------------------------------------------------
Iteration 1971: best_g=158
Local schedule: [29, 3, 2, 9, 8, 22, 21, 19, 18, 7, 6, 13, 20, 5, 17, 16, 15, 28, 27, 12, 26, 25, 24, 23, 11, 4, 1, 14, 10, 0, 30]
Tabu list: [(11, 25), (11, 24), (11, 23), (22, 9), (22, 8)]
Candidats length:  11
Candidate 1: [29, 3, 2, 9, 8, 22, 19, 21, 18, 7, 6, 13, 20, 5, 17, 16, 15, 28, 27, 12, 26, 25, 24, 23, 11, 4, 1, 14, 10, 0, 30] with g: 158
Chosen candidate: 1
Best g: 158
-------------------------------------------------------------------
Iteration 1972: best_g=158
Local schedule: [29, 3, 2, 9, 8, 22, 19, 21, 18, 7, 6, 13, 20, 5, 17, 16, 15, 28, 27, 12, 26, 25, 24, 23, 11, 4, 1, 14, 10, 0, 30]
Tabu list: [(11, 24), (11, 23), (22, 9), (22, 8), (21, 19)]
Candidats length:  12
Candidate 1: [29, 3, 2, 9, 8, 22, 19, 18, 21, 7, 6, 13, 20, 5, 17, 16, 15, 28, 27, 12, 26, 25, 24, 23, 11, 4, 1, 14, 10, 0, 30] with g: 158
Chosen candidate: 1
Best g: 158
-------------------------------------------------------------------
Iteration 1973: best_g=158
Local schedule: [29, 3, 2, 9, 8, 22, 19, 18, 21, 7, 6, 13, 20, 5, 17, 16, 15, 28, 27, 12, 26, 25, 24, 23, 11, 4, 1, 14, 10, 0, 30]
Tabu list: [(11, 23), (22, 9), (22, 8), (21, 19), (21, 18)]
Candidats length:  11
Candidate 1: [29, 3, 2, 9, 8, 22, 19, 18, 7, 21, 6, 13, 20, 5, 17, 16, 15, 28, 27, 12, 26, 25, 24, 23, 11, 4, 1, 14, 10, 0, 30] with g: 158
Chosen candidate: 1
Best g: 158
-------------------------------------------------------------------
Iteration 1974: best_g=158
Local schedule: [29, 3, 2, 9, 8, 22, 19, 18, 7, 21, 6, 13, 20, 5, 17, 16, 15, 28, 27, 12, 26, 25, 24, 23, 11, 4, 1, 14, 10, 0, 30]
Tabu list: [(22, 9), (22, 8), (21, 19), (21, 18), (21, 7)]
Candidats length:  13
Candidate 1: [29, 3, 2, 9, 8, 22, 19, 18, 7, 6, 21, 13, 20, 5, 17, 16, 15, 28, 27, 12, 26, 25, 24, 23, 11, 4, 1, 14, 10, 0, 30] with g: 158
Chosen candidate: 1
Best g: 158
-------------------------------------------------------------------
Iteration 1975: best_g=158
Local schedule: [29, 3, 2, 9, 8, 22, 19, 18, 7, 6, 21, 13, 20, 5, 17, 16, 15, 28, 27, 12, 26, 25, 24, 23, 11, 4, 1, 14, 10, 0, 30]
Tabu list: [(22, 8), (21, 19), (21, 18), (21, 7), (21, 6)]
Candidats length:  12
Candidate 1: [29, 3, 2, 9, 8, 22, 19, 18, 7, 6, 13, 21, 20, 5, 17, 16, 15, 28, 27, 12, 26, 25, 24, 23, 11, 4, 1, 14, 10, 0, 30] with g: 158
Chosen candidate: 1
Best g: 158
-------------------------------------------------------------------
Iteration 1976: best_g=158
Local schedule: [29, 3, 2, 9, 8, 22, 19, 18, 7, 6, 13, 21, 20, 5, 17, 16, 15, 28, 27, 12, 26, 25, 24, 23, 11, 4, 1, 14, 10, 0, 30]
Tabu list: [(21, 19), (21, 18), (21, 7), (21, 6), (21, 13)]
Candidats length:  12
Candidate 1: [29, 3, 2, 9, 8, 22, 19, 18, 7, 6, 13, 21, 5, 20, 17, 16, 15, 28, 27, 12, 26, 25, 24, 23, 11, 4, 1, 14, 10, 0, 30] with g: 158
Chosen candidate: 1
Best g: 158
-------------------------------------------------------------------
Iteration 1977: best_g=158
Local schedule: [29, 3, 2, 9, 8, 22, 19, 18, 7, 6, 13, 21, 5, 20, 17, 16, 15, 28, 27, 12, 26, 25, 24, 23, 11, 4, 1, 14, 10, 0, 30]
Tabu list: [(21, 18), (21, 7), (21, 6), (21, 13), (20, 5)]
Candidats length:  11
Candidate 1: [29, 3, 2, 9, 8, 22, 19, 18, 7, 6, 13, 21, 5, 20, 17, 16, 28, 15, 27, 12, 26, 25, 24, 23, 11, 4, 1, 14, 10, 0, 30] with g: 164
Candidate 2: [29, 3, 2, 9, 8, 22, 19, 18, 7, 6, 13, 21, 5, 20, 17, 16, 15, 28, 12, 27, 26, 25, 24, 23, 11, 4, 1, 14, 10, 0, 30] with g: 158
Chosen candidate: 2
Best g: 158
-------------------------------------------------------------------
Iteration 1978: best_g=158
Local schedule: [29, 3, 2, 9, 8, 22, 19, 18, 7, 6, 13, 21, 5, 20, 17, 16, 15, 28, 12, 27, 26, 25, 24, 23, 11, 4, 1, 14, 10, 0, 30]
Tabu list: [(21, 7), (21, 6), (21, 13), (20, 5), (27, 12)]
Candidats length:  11
Candidate 1: [29, 3, 2, 9, 8, 22, 19, 18, 7, 6, 13, 21, 5, 20, 17, 16, 15, 28, 12, 26, 27, 25, 24, 23, 11, 4, 1, 14, 10, 0, 30] with g: 158
Chosen candidate: 1
Best g: 158
-------------------------------------------------------------------
Iteration 1979: best_g=158
Local schedule: [29, 3, 2, 9, 8, 22, 19, 18, 7, 6, 13, 21, 5, 20, 17, 16, 15, 28, 12, 26, 27, 25, 24, 23, 11, 4, 1, 14, 10, 0, 30]
Tabu list: [(21, 6), (21, 13), (20, 5), (27, 12), (27, 26)]
Candidats length:  11
Candidate 1: [29, 3, 2, 9, 8, 22, 19, 18, 7, 6, 13, 21, 5, 20, 17, 16, 15, 28, 12, 26, 27, 25, 24, 11, 23, 4, 1, 14, 10, 0, 30] with g: 158
Chosen candidate: 1
Best g: 158
-------------------------------------------------------------------
Iteration 1980: best_g=158
Local schedule: [29, 3, 2, 9, 8, 22, 19, 18, 7, 6, 13, 21, 5, 20, 17, 16, 15, 28, 12, 26, 27, 25, 24, 11, 23, 4, 1, 14, 10, 0, 30]
Tabu list: [(21, 13), (20, 5), (27, 12), (27, 26), (23, 11)]
Candidats length:  11
Candidate 1: [29, 3, 2, 9, 8, 22, 19, 18, 7, 6, 13, 21, 5, 20, 17, 16, 15, 28, 12, 26, 27, 25, 24, 11, 23, 4, 14, 1, 10, 0, 30] with g: 163
Candidate 2: [29, 3, 9, 2, 8, 22, 19, 18, 7, 6, 13, 21, 5, 20, 17, 16, 15, 28, 12, 26, 27, 25, 24, 11, 23, 4, 1, 14, 10, 0, 30] with g: 158
Chosen candidate: 2
Best g: 158
-------------------------------------------------------------------
Iteration 1981: best_g=158
Local schedule: [29, 3, 9, 2, 8, 22, 19, 18, 7, 6, 13, 21, 5, 20, 17, 16, 15, 28, 12, 26, 27, 25, 24, 11, 23, 4, 1, 14, 10, 0, 30]
Tabu list: [(20, 5), (27, 12), (27, 26), (23, 11), (2, 9)]
Candidats length:  13
Candidate 1: [29, 3, 9, 8, 2, 22, 19, 18, 7, 6, 13, 21, 5, 20, 17, 16, 15, 28, 12, 26, 27, 25, 24, 11, 23, 4, 1, 14, 10, 0, 30] with g: 158
Chosen candidate: 1
Best g: 158
-------------------------------------------------------------------
Iteration 1982: best_g=158
Local schedule: [29, 3, 9, 8, 2, 22, 19, 18, 7, 6, 13, 21, 5, 20, 17, 16, 15, 28, 12, 26, 27, 25, 24, 11, 23, 4, 1, 14, 10, 0, 30]
Tabu list: [(27, 12), (27, 26), (23, 11), (2, 9), (2, 8)]
Candidats length:  13
Candidate 1: [29, 3, 9, 8, 22, 2, 19, 18, 7, 6, 13, 21, 5, 20, 17, 16, 15, 28, 12, 26, 27, 25, 24, 11, 23, 4, 1, 14, 10, 0, 30] with g: 171
Candidate 2: [29, 3, 9, 8, 2, 19, 22, 18, 7, 6, 13, 21, 5, 20, 17, 16, 15, 28, 12, 26, 27, 25, 24, 11, 23, 4, 1, 14, 10, 0, 30] with g: 158
Chosen candidate: 2
Best g: 158
-------------------------------------------------------------------
Iteration 1983: best_g=158
Local schedule: [29, 3, 9, 8, 2, 19, 22, 18, 7, 6, 13, 21, 5, 20, 17, 16, 15, 28, 12, 26, 27, 25, 24, 11, 23, 4, 1, 14, 10, 0, 30]
Tabu list: [(27, 26), (23, 11), (2, 9), (2, 8), (22, 19)]
Candidats length:  13
Candidate 1: [29, 3, 9, 8, 2, 19, 18, 22, 7, 6, 13, 21, 5, 20, 17, 16, 15, 28, 12, 26, 27, 25, 24, 11, 23, 4, 1, 14, 10, 0, 30] with g: 158
Chosen candidate: 1
Best g: 158
-------------------------------------------------------------------
Iteration 1984: best_g=158
Local schedule: [29, 3, 9, 8, 2, 19, 18, 22, 7, 6, 13, 21, 5, 20, 17, 16, 15, 28, 12, 26, 27, 25, 24, 11, 23, 4, 1, 14, 10, 0, 30]
Tabu list: [(23, 11), (2, 9), (2, 8), (22, 19), (22, 18)]
Candidats length:  13
Candidate 1: [29, 3, 9, 8, 2, 19, 18, 7, 22, 6, 13, 21, 5, 20, 17, 16, 15, 28, 12, 26, 27, 25, 24, 11, 23, 4, 1, 14, 10, 0, 30] with g: 158
Chosen candidate: 1
Best g: 158
-------------------------------------------------------------------
Iteration 1985: best_g=158
Local schedule: [29, 3, 9, 8, 2, 19, 18, 7, 22, 6, 13, 21, 5, 20, 17, 16, 15, 28, 12, 26, 27, 25, 24, 11, 23, 4, 1, 14, 10, 0, 30]
Tabu list: [(2, 9), (2, 8), (22, 19), (22, 18), (22, 7)]
Candidats length:  15
Candidate 1: [29, 3, 9, 8, 2, 19, 18, 7, 6, 22, 13, 21, 5, 20, 17, 16, 15, 28, 12, 26, 27, 25, 24, 11, 23, 4, 1, 14, 10, 0, 30] with g: 158
Chosen candidate: 1
Best g: 158
-------------------------------------------------------------------
Iteration 1986: best_g=158
Local schedule: [29, 3, 9, 8, 2, 19, 18, 7, 6, 22, 13, 21, 5, 20, 17, 16, 15, 28, 12, 26, 27, 25, 24, 11, 23, 4, 1, 14, 10, 0, 30]
Tabu list: [(2, 8), (22, 19), (22, 18), (22, 7), (22, 6)]
Candidats length:  14
Candidate 1: [29, 3, 9, 8, 2, 19, 18, 7, 6, 13, 22, 21, 5, 20, 17, 16, 15, 28, 12, 26, 27, 25, 24, 11, 23, 4, 1, 14, 10, 0, 30] with g: 158
Chosen candidate: 1
Best g: 158
-------------------------------------------------------------------
Iteration 1987: best_g=158
Local schedule: [29, 3, 9, 8, 2, 19, 18, 7, 6, 13, 22, 21, 5, 20, 17, 16, 15, 28, 12, 26, 27, 25, 24, 11, 23, 4, 1, 14, 10, 0, 30]
Tabu list: [(22, 19), (22, 18), (22, 7), (22, 6), (22, 13)]
Candidats length:  14
Candidate 1: [29, 3, 9, 8, 2, 19, 18, 7, 6, 13, 22, 5, 21, 20, 17, 16, 15, 28, 12, 26, 27, 25, 24, 11, 23, 4, 1, 14, 10, 0, 30] with g: 158
Chosen candidate: 1
Best g: 158
-------------------------------------------------------------------
Iteration 1988: best_g=158
Local schedule: [29, 3, 9, 8, 2, 19, 18, 7, 6, 13, 22, 5, 21, 20, 17, 16, 15, 28, 12, 26, 27, 25, 24, 11, 23, 4, 1, 14, 10, 0, 30]
Tabu list: [(22, 18), (22, 7), (22, 6), (22, 13), (21, 5)]
Candidats length:  13
Candidate 1: [29, 3, 9, 8, 2, 19, 18, 7, 6, 13, 22, 5, 21, 20, 17, 16, 28, 15, 12, 26, 27, 25, 24, 11, 23, 4, 1, 14, 10, 0, 30] with g: 164
Candidate 2: [29, 3, 9, 8, 2, 19, 18, 7, 6, 13, 22, 5, 21, 20, 17, 16, 15, 12, 28, 26, 27, 25, 24, 11, 23, 4, 1, 14, 10, 0, 30] with g: 158
Chosen candidate: 2
Best g: 158
-------------------------------------------------------------------
Iteration 1989: best_g=158
Local schedule: [29, 3, 9, 8, 2, 19, 18, 7, 6, 13, 22, 5, 21, 20, 17, 16, 15, 12, 28, 26, 27, 25, 24, 11, 23, 4, 1, 14, 10, 0, 30]
Tabu list: [(22, 7), (22, 6), (22, 13), (21, 5), (28, 12)]
Candidats length:  11
Candidate 1: [29, 3, 9, 8, 2, 19, 18, 7, 6, 13, 22, 5, 21, 20, 17, 16, 15, 12, 28, 27, 26, 25, 24, 11, 23, 4, 1, 14, 10, 0, 30] with g: 158
Chosen candidate: 1
Best g: 158
-------------------------------------------------------------------
Iteration 1990: best_g=158
Local schedule: [29, 3, 9, 8, 2, 19, 18, 7, 6, 13, 22, 5, 21, 20, 17, 16, 15, 12, 28, 27, 26, 25, 24, 11, 23, 4, 1, 14, 10, 0, 30]
Tabu list: [(22, 6), (22, 13), (21, 5), (28, 12), (26, 27)]
Candidats length:  10
Candidate 1: [29, 3, 9, 8, 2, 19, 18, 7, 6, 13, 22, 5, 21, 20, 17, 16, 15, 12, 28, 27, 26, 25, 11, 24, 23, 4, 1, 14, 10, 0, 30] with g: 158
Chosen candidate: 1
Best g: 158
-------------------------------------------------------------------
Iteration 1991: best_g=158
Local schedule: [29, 3, 9, 8, 2, 19, 18, 7, 6, 13, 22, 5, 21, 20, 17, 16, 15, 12, 28, 27, 26, 25, 11, 24, 23, 4, 1, 14, 10, 0, 30]
Tabu list: [(22, 13), (21, 5), (28, 12), (26, 27), (24, 11)]
Candidats length:  9
Candidate 1: [29, 3, 9, 8, 2, 19, 18, 7, 6, 13, 22, 5, 21, 20, 17, 16, 15, 12, 28, 27, 26, 25, 11, 24, 23, 4, 14, 1, 10, 0, 30] with g: 163
Candidate 2: [29, 9, 3, 8, 2, 19, 18, 7, 6, 13, 22, 5, 21, 20, 17, 16, 15, 12, 28, 27, 26, 25, 11, 24, 23, 4, 1, 14, 10, 0, 30] with g: 158
Chosen candidate: 2
Best g: 158
-------------------------------------------------------------------
Iteration 1992: best_g=158
Local schedule: [29, 9, 3, 8, 2, 19, 18, 7, 6, 13, 22, 5, 21, 20, 17, 16, 15, 12, 28, 27, 26, 25, 11, 24, 23, 4, 1, 14, 10, 0, 30]
Tabu list: [(21, 5), (28, 12), (26, 27), (24, 11), (3, 9)]
Candidats length:  10
Candidate 1: [29, 9, 8, 3, 2, 19, 18, 7, 6, 13, 22, 5, 21, 20, 17, 16, 15, 12, 28, 27, 26, 25, 11, 24, 23, 4, 1, 14, 10, 0, 30] with g: 158
Chosen candidate: 1
Best g: 158
-------------------------------------------------------------------
Iteration 1993: best_g=158
Local schedule: [29, 9, 8, 3, 2, 19, 18, 7, 6, 13, 22, 5, 21, 20, 17, 16, 15, 12, 28, 27, 26, 25, 11, 24, 23, 4, 1, 14, 10, 0, 30]
Tabu list: [(28, 12), (26, 27), (24, 11), (3, 9), (3, 8)]
Candidats length:  9
Candidate 1: [29, 9, 8, 3, 19, 2, 18, 7, 6, 13, 22, 5, 21, 20, 17, 16, 15, 12, 28, 27, 26, 25, 11, 24, 23, 4, 1, 14, 10, 0, 30] with g: 160
Candidate 2: [29, 9, 8, 3, 2, 19, 7, 18, 6, 13, 22, 5, 21, 20, 17, 16, 15, 12, 28, 27, 26, 25, 11, 24, 23, 4, 1, 14, 10, 0, 30] with g: 158
Chosen candidate: 2
Best g: 158
-------------------------------------------------------------------
Iteration 1994: best_g=158
Local schedule: [29, 9, 8, 3, 2, 19, 7, 18, 6, 13, 22, 5, 21, 20, 17, 16, 15, 12, 28, 27, 26, 25, 11, 24, 23, 4, 1, 14, 10, 0, 30]
Tabu list: [(26, 27), (24, 11), (3, 9), (3, 8), (18, 7)]
Candidats length:  11
Candidate 1: [29, 9, 8, 3, 2, 19, 7, 6, 18, 13, 22, 5, 21, 20, 17, 16, 15, 12, 28, 27, 26, 25, 11, 24, 23, 4, 1, 14, 10, 0, 30] with g: 158
Chosen candidate: 1
Best g: 158
-------------------------------------------------------------------
Iteration 1995: best_g=158
Local schedule: [29, 9, 8, 3, 2, 19, 7, 6, 18, 13, 22, 5, 21, 20, 17, 16, 15, 12, 28, 27, 26, 25, 11, 24, 23, 4, 1, 14, 10, 0, 30]
Tabu list: [(24, 11), (3, 9), (3, 8), (18, 7), (18, 6)]
Candidats length:  11
Candidate 1: [29, 9, 8, 3, 2, 19, 7, 6, 13, 18, 22, 5, 21, 20, 17, 16, 15, 12, 28, 27, 26, 25, 11, 24, 23, 4, 1, 14, 10, 0, 30] with g: 158
Chosen candidate: 1
Best g: 158
-------------------------------------------------------------------
Iteration 1996: best_g=158
Local schedule: [29, 9, 8, 3, 2, 19, 7, 6, 13, 18, 22, 5, 21, 20, 17, 16, 15, 12, 28, 27, 26, 25, 11, 24, 23, 4, 1, 14, 10, 0, 30]
Tabu list: [(3, 9), (3, 8), (18, 7), (18, 6), (18, 13)]
Candidats length:  12
Candidate 1: [29, 9, 8, 3, 2, 19, 7, 6, 13, 22, 18, 5, 21, 20, 17, 16, 15, 12, 28, 27, 26, 25, 11, 24, 23, 4, 1, 14, 10, 0, 30] with g: 158
Chosen candidate: 1
Best g: 158
-------------------------------------------------------------------
Iteration 1997: best_g=158
Local schedule: [29, 9, 8, 3, 2, 19, 7, 6, 13, 22, 18, 5, 21, 20, 17, 16, 15, 12, 28, 27, 26, 25, 11, 24, 23, 4, 1, 14, 10, 0, 30]
Tabu list: [(3, 8), (18, 7), (18, 6), (18, 13), (18, 22)]
Candidats length:  12
Candidate 1: [29, 9, 8, 3, 2, 19, 7, 6, 13, 22, 5, 18, 21, 20, 17, 16, 15, 12, 28, 27, 26, 25, 11, 24, 23, 4, 1, 14, 10, 0, 30] with g: 158
Chosen candidate: 1
Best g: 158
-------------------------------------------------------------------
Iteration 1998: best_g=158
Local schedule: [29, 9, 8, 3, 2, 19, 7, 6, 13, 22, 5, 18, 21, 20, 17, 16, 15, 12, 28, 27, 26, 25, 11, 24, 23, 4, 1, 14, 10, 0, 30]
Tabu list: [(18, 7), (18, 6), (18, 13), (18, 22), (18, 5)]
Candidats length:  13
Candidate 1: [29, 9, 8, 3, 2, 19, 7, 6, 13, 22, 5, 21, 18, 20, 17, 16, 15, 12, 28, 27, 26, 25, 11, 24, 23, 4, 1, 14, 10, 0, 30] with g: 158
Chosen candidate: 1
Best g: 158
-------------------------------------------------------------------
Iteration 1999: best_g=158
Local schedule: [29, 9, 8, 3, 2, 19, 7, 6, 13, 22, 5, 21, 18, 20, 17, 16, 15, 12, 28, 27, 26, 25, 11, 24, 23, 4, 1, 14, 10, 0, 30]
Tabu list: [(18, 6), (18, 13), (18, 22), (18, 5), (18, 21)]
Candidats length:  14
Candidate 1: [29, 9, 8, 3, 2, 19, 7, 6, 13, 22, 5, 21, 20, 18, 17, 16, 15, 12, 28, 27, 26, 25, 11, 24, 23, 4, 1, 14, 10, 0, 30] with g: 158
Chosen candidate: 1
Best g: 158
-------------------------------------------------------------------
Iteration 2000: best_g=158
Local schedule: [29, 9, 8, 3, 2, 19, 7, 6, 13, 22, 5, 21, 20, 18, 17, 16, 15, 12, 28, 27, 26, 25, 11, 24, 23, 4, 1, 14, 10, 0, 30]
Tabu list: [(18, 13), (18, 22), (18, 5), (18, 21), (18, 20)]
Candidats length:  13
Candidate 1: [29, 9, 8, 3, 2, 19, 7, 6, 13, 22, 5, 21, 20, 18, 17, 16, 12, 15, 28, 27, 26, 25, 11, 24, 23, 4, 1, 14, 10, 0, 30] with g: 161
Candidate 2: [29, 9, 8, 3, 2, 19, 7, 6, 13, 22, 5, 21, 20, 18, 17, 16, 15, 28, 12, 27, 26, 25, 11, 24, 23, 4, 1, 14, 10, 0, 30] with g: 158
Chosen candidate: 2
Best g: 158